0.000000000000000000e+00 2.161053238735699100e+00 2.085320960980253879e+00 2.000000000000000000e+01 2.400000000000000000e+01
1.000000000000000000e+00 2.060627368956289285e+00 2.021487083678809249e+00 2.600000000000000000e+01 2.800000000000000000e+01
2.000000000000000000e+00 2.014357028828167362e+00 1.975877494095994225e+00 2.800000000000000000e+01 3.000000000000000000e+01
3.000000000000000000e+00 1.972284390159089629e+00 1.943016526036369207e+00 3.000000000000000000e+01 3.100000000000000000e+01
4.000000000000000000e+00 1.939686877179893187e+00 1.904500218626028474e+00 3.100000000000000000e+01 3.300000000000000000e+01
5.000000000000000000e+00 1.914360703906414996e+00 1.878398893359370048e+00 3.200000000000000000e+01 3.400000000000000000e+01
6.000000000000000000e+00 1.894168128131370921e+00 1.863668315707684986e+00 3.300000000000000000e+01 3.400000000000000000e+01
7.000000000000000000e+00 1.879966106082259669e+00 1.842303479441438574e+00 3.300000000000000000e+01 3.500000000000000000e+01
8.000000000000000000e+00 1.866410758734817099e+00 1.838433896009914470e+00 3.400000000000000000e+01 3.400000000000000000e+01
9.000000000000000000e+00 1.852498331896708095e+00 1.826561528272903079e+00 3.400000000000000000e+01 3.600000000000000000e+01
1.000000000000000000e+01 1.843890313071008702e+00 1.807253370269799708e+00 3.400000000000000000e+01 3.600000000000000000e+01
1.100000000000000000e+01 1.830504883197508592e+00 1.796519241013085022e+00 3.500000000000000000e+01 3.700000000000000000e+01
1.200000000000000000e+01 1.821340126024174166e+00 1.793872526278511126e+00 3.500000000000000000e+01 3.600000000000000000e+01
1.300000000000000000e+01 1.813806777037036522e+00 1.782468000920816698e+00 3.500000000000000000e+01 3.600000000000000000e+01
1.400000000000000000e+01 1.809175794962042838e+00 1.775419278266711753e+00 3.600000000000000000e+01 3.700000000000000000e+01
1.500000000000000000e+01 1.797675965157214062e+00 1.768400701090169891e+00 3.600000000000000000e+01 3.700000000000000000e+01
1.600000000000000000e+01 1.793495416488696259e+00 1.760440341961650335e+00 3.600000000000000000e+01 3.800000000000000000e+01
1.700000000000000000e+01 1.789297615802982078e+00 1.767942923707322089e+00 3.600000000000000000e+01 3.700000000000000000e+01
1.800000000000000000e+01 1.782588868208291544e+00 1.748508759200001705e+00 3.700000000000000000e+01 3.800000000000000000e+01
1.900000000000000000e+01 1.778667407087690888e+00 1.743992793674286279e+00 3.700000000000000000e+01 3.800000000000000000e+01
2.000000000000000000e+01 1.773485276230771124e+00 1.744651078416135759e+00 3.700000000000000000e+01 3.700000000000000000e+01
2.100000000000000000e+01 1.769978294369507710e+00 1.737606975978936541e+00 3.700000000000000000e+01 3.800000000000000000e+01
2.200000000000000000e+01 1.758899616951066891e+00 1.725248884850035802e+00 3.700000000000000000e+01 3.900000000000000000e+01
2.300000000000000000e+01 1.757624519153504705e+00 1.729087396170765345e+00 3.700000000000000000e+01 3.900000000000000000e+01
2.400000000000000000e+01 1.751319690842851218e+00 1.727886911017445293e+00 3.800000000000000000e+01 3.800000000000000000e+01
2.500000000000000000e+01 1.750624562789443450e+00 1.729411042917269770e+00 3.800000000000000000e+01 3.800000000000000000e+01
2.600000000000000000e+01 1.745114999937080746e+00 1.716670623983437949e+00 3.800000000000000000e+01 3.900000000000000000e+01
2.700000000000000000e+01 1.739168159334764763e+00 1.717790476811198674e+00 3.800000000000000000e+01 3.800000000000000000e+01
2.800000000000000000e+01 1.739643146727837042e+00 1.722557440352516123e+00 3.800000000000000000e+01 3.800000000000000000e+01
2.900000000000000000e+01 1.733132838287646305e+00 1.708596358284020900e+00 3.800000000000000000e+01 3.900000000000000000e+01
3.000000000000000000e+01 1.726469511567821691e+00 1.709785461044920796e+00 3.900000000000000000e+01 3.900000000000000000e+01
3.100000000000000000e+01 1.726441445674029795e+00 1.746388160001736578e+00 3.900000000000000000e+01 3.800000000000000000e+01
3.200000000000000000e+01 1.722218069294974008e+00 1.699384321419956656e+00 3.900000000000000000e+01 4.000000000000000000e+01
3.300000000000000000e+01 1.718393584054323409e+00 1.714149222968104569e+00 3.900000000000000000e+01 3.900000000000000000e+01
3.400000000000000000e+01 1.716722617222571801e+00 1.709328706272112974e+00 3.900000000000000000e+01 3.900000000000000000e+01
3.500000000000000000e+01 1.714019818711723264e+00 1.697039463649542501e+00 3.900000000000000000e+01 4.000000000000000000e+01
3.600000000000000000e+01 1.709907306666871518e+00 1.695322323911867990e+00 3.900000000000000000e+01 4.000000000000000000e+01
3.700000000000000000e+01 1.706978805615821049e+00 1.712183520055045705e+00 3.900000000000000000e+01 3.900000000000000000e+01
3.800000000000000000e+01 1.703011333217852696e+00 1.702000686154959697e+00 3.900000000000000000e+01 4.000000000000000000e+01
3.900000000000000000e+01 1.703737473991232987e+00 1.704670676027243204e+00 3.900000000000000000e+01 3.900000000000000000e+01
4.000000000000000000e+01 1.699399629923600274e+00 1.690085664343910166e+00 3.900000000000000000e+01 4.000000000000000000e+01
4.100000000000000000e+01 1.696259887799649313e+00 1.682822202722104699e+00 4.000000000000000000e+01 4.000000000000000000e+01
4.200000000000000000e+01 1.693767544785448997e+00 1.677372690968620184e+00 4.000000000000000000e+01 4.000000000000000000e+01
4.300000000000000000e+01 1.692180427617166361e+00 1.679916001737308262e+00 4.000000000000000000e+01 4.000000000000000000e+01
4.400000000000000000e+01 1.687599538155114542e+00 1.686164571073489382e+00 4.000000000000000000e+01 4.000000000000000000e+01
4.500000000000000000e+01 1.685735945890747489e+00 1.689219466794413149e+00 4.000000000000000000e+01 4.000000000000000000e+01
4.600000000000000000e+01 1.681278181396381965e+00 1.678118750691033112e+00 4.000000000000000000e+01 4.000000000000000000e+01
4.700000000000000000e+01 1.679067007410777856e+00 1.684719760958759860e+00 4.000000000000000000e+01 4.000000000000000000e+01
4.800000000000000000e+01 1.678772959889163641e+00 1.684540138838771073e+00 4.000000000000000000e+01 4.100000000000000000e+01
4.900000000000000000e+01 1.674716330688120314e+00 1.677461547592577373e+00 4.000000000000000000e+01 4.000000000000000000e+01
5.000000000000000000e+01 1.675873877982336557e+00 1.678777514174342622e+00 4.000000000000000000e+01 4.000000000000000000e+01
5.100000000000000000e+01 1.671762520810845309e+00 1.671720364604133424e+00 4.000000000000000000e+01 4.000000000000000000e+01
5.200000000000000000e+01 1.668668817345026811e+00 1.679892520935009737e+00 4.100000000000000000e+01 4.000000000000000000e+01
5.300000000000000000e+01 1.665882875426640819e+00 1.669694373401970910e+00 4.000000000000000000e+01 4.100000000000000000e+01
5.400000000000000000e+01 1.665164555179256656e+00 1.679148260777750812e+00 4.100000000000000000e+01 4.000000000000000000e+01
5.500000000000000000e+01 1.667787104406497134e+00 1.676354567463786527e+00 4.100000000000000000e+01 4.000000000000000000e+01
5.600000000000000000e+01 1.660496216360300759e+00 1.668495391504452252e+00 4.100000000000000000e+01 4.000000000000000000e+01
5.700000000000000000e+01 1.661450332582416367e+00 1.686596251143434255e+00 4.100000000000000000e+01 4.000000000000000000e+01
5.800000000000000000e+01 1.654061909066662173e+00 1.670908462506132786e+00 4.100000000000000000e+01 4.000000000000000000e+01
5.900000000000000000e+01 1.652860298342835987e+00 1.665290571630191563e+00 4.100000000000000000e+01 4.100000000000000000e+01
6.000000000000000000e+01 1.652751191868968128e+00 1.665285113139655326e+00 4.100000000000000000e+01 4.000000000000000000e+01
6.100000000000000000e+01 1.651815180281225981e+00 1.689548826827028005e+00 4.100000000000000000e+01 3.900000000000000000e+01
6.200000000000000000e+01 1.649704000695119355e+00 1.661866359436473983e+00 4.100000000000000000e+01 4.000000000000000000e+01
6.300000000000000000e+01 1.651499538793826272e+00 1.668642260015201328e+00 4.100000000000000000e+01 4.100000000000000000e+01
6.400000000000000000e+01 1.649913756723824898e+00 1.667487754989355864e+00 4.100000000000000000e+01 4.100000000000000000e+01
6.500000000000000000e+01 1.647309858220857626e+00 1.668531831080159344e+00 4.100000000000000000e+01 4.000000000000000000e+01
6.600000000000000000e+01 1.644349664964511071e+00 1.668178654326417654e+00 4.100000000000000000e+01 4.100000000000000000e+01
6.700000000000000000e+01 1.639710653842601396e+00 1.672343570203445928e+00 4.200000000000000000e+01 4.000000000000000000e+01
6.800000000000000000e+01 1.641926100676592171e+00 1.668599145100139625e+00 4.100000000000000000e+01 4.100000000000000000e+01
6.900000000000000000e+01 1.637382399402820932e+00 1.675072180577360292e+00 4.200000000000000000e+01 4.000000000000000000e+01
7.000000000000000000e+01 1.637953635140710018e+00 1.660872648318354683e+00 4.200000000000000000e+01 4.100000000000000000e+01
7.100000000000000000e+01 1.631275749938730479e+00 1.675137634856251445e+00 4.200000000000000000e+01 4.000000000000000000e+01
7.200000000000000000e+01 1.635128431799163229e+00 1.657328934715197821e+00 4.200000000000000000e+01 4.100000000000000000e+01
7.300000000000000000e+01 1.630672463757520507e+00 1.692304460766216545e+00 4.200000000000000000e+01 3.900000000000000000e+01
7.400000000000000000e+01 1.628889110404104335e+00 1.656754265197168952e+00 4.200000000000000000e+01 4.100000000000000000e+01
7.500000000000000000e+01 1.628876644453023159e+00 1.673895077583507973e+00 4.200000000000000000e+01 4.000000000000000000e+01
7.600000000000000000e+01 1.625793187113351301e+00 1.687398864057498171e+00 4.200000000000000000e+01 3.900000000000000000e+01
7.700000000000000000e+01 1.625640661763748218e+00 1.645901811008636084e+00 4.200000000000000000e+01 4.200000000000000000e+01
7.800000000000000000e+01 1.625212434919995452e+00 1.648362299123891983e+00 4.200000000000000000e+01 4.100000000000000000e+01
7.900000000000000000e+01 1.623866351765848037e+00 1.654391522224718747e+00 4.200000000000000000e+01 4.200000000000000000e+01
8.000000000000000000e+01 1.619075049136742050e+00 1.653014414607526295e+00 4.200000000000000000e+01 4.100000000000000000e+01
8.100000000000000000e+01 1.619656565245801039e+00 1.652830720328675396e+00 4.200000000000000000e+01 4.100000000000000000e+01
8.200000000000000000e+01 1.620359851622993341e+00 1.641680955505980366e+00 4.200000000000000000e+01 4.100000000000000000e+01
8.300000000000000000e+01 1.617911686290172346e+00 1.670426477639439078e+00 4.200000000000000000e+01 4.000000000000000000e+01
8.400000000000000000e+01 1.613396500023373870e+00 1.652799445981034898e+00 4.300000000000000000e+01 4.100000000000000000e+01
8.500000000000000000e+01 1.615995513119151461e+00 1.646719863239568538e+00 4.200000000000000000e+01 4.200000000000000000e+01
8.600000000000000000e+01 1.616392471053549995e+00 1.658160652215488362e+00 4.200000000000000000e+01 4.000000000000000000e+01
8.700000000000000000e+01 1.608558181380127294e+00 1.646143413199403494e+00 4.300000000000000000e+01 4.100000000000000000e+01
8.800000000000000000e+01 1.612278119082338090e+00 1.659170158374043025e+00 4.200000000000000000e+01 4.100000000000000000e+01
8.900000000000000000e+01 1.607644823447146321e+00 1.657438171938204530e+00 4.300000000000000000e+01 4.100000000000000000e+01
9.000000000000000000e+01 1.606432535292929842e+00 1.655763575063345927e+00 4.300000000000000000e+01 4.100000000000000000e+01
9.100000000000000000e+01 1.608287184267416237e+00 1.660760317747585368e+00 4.300000000000000000e+01 4.100000000000000000e+01
9.200000000000000000e+01 1.603466560119096940e+00 1.646223422437430139e+00 4.300000000000000000e+01 4.100000000000000000e+01
9.300000000000000000e+01 1.606149278538240743e+00 1.642170733537156035e+00 4.300000000000000000e+01 4.100000000000000000e+01
9.400000000000000000e+01 1.603872456690934145e+00 1.643040766731237889e+00 4.300000000000000000e+01 4.100000000000000000e+01
9.500000000000000000e+01 1.601932906067226492e+00 1.651267001804071599e+00 4.300000000000000000e+01 4.100000000000000000e+01
9.600000000000000000e+01 1.597640657913051765e+00 1.647801695159448965e+00 4.300000000000000000e+01 4.100000000000000000e+01
9.700000000000000000e+01 1.600818259320957671e+00 1.650504447019899956e+00 4.300000000000000000e+01 4.100000000000000000e+01
9.800000000000000000e+01 1.601390744582705139e+00 1.654774360763379137e+00 4.300000000000000000e+01 4.100000000000000000e+01
9.900000000000000000e+01 1.599197536802261288e+00 1.655031900055492278e+00 4.300000000000000000e+01 4.100000000000000000e+01
