0.000000000000000000e+00 2.303169768358451552e+00 2.301679346127250891e+00 1.000000000000000000e+01 1.200000000000000000e+01
1.000000000000000000e+00 2.300950828913458590e+00 2.297543933978095865e+00 1.000000000000000000e+01 1.800000000000000000e+01
2.000000000000000000e+00 2.284901219152595697e+00 2.225572953970668344e+00 1.300000000000000000e+01 1.600000000000000000e+01
3.000000000000000000e+00 2.185273023881137533e+00 2.088496029567413981e+00 1.700000000000000000e+01 2.400000000000000000e+01
4.000000000000000000e+00 2.069075042821624244e+00 1.973291481645724321e+00 2.300000000000000000e+01 2.900000000000000000e+01
5.000000000000000000e+00 1.980362247444465318e+00 1.867316330964572835e+00 2.700000000000000000e+01 3.300000000000000000e+01
6.000000000000000000e+00 1.907305285858940103e+00 1.793344148431723184e+00 3.000000000000000000e+01 3.500000000000000000e+01
7.000000000000000000e+00 1.845338724625087856e+00 1.734267115592956543e+00 3.200000000000000000e+01 3.600000000000000000e+01
8.000000000000000000e+00 1.798938379254161113e+00 1.707990932007567242e+00 3.400000000000000000e+01 3.700000000000000000e+01
9.000000000000000000e+00 1.762147370470843910e+00 1.709581343129800812e+00 3.500000000000000000e+01 3.800000000000000000e+01
1.000000000000000000e+01 1.730516367971477676e+00 1.632438456288541895e+00 3.700000000000000000e+01 4.000000000000000000e+01
1.100000000000000000e+01 1.706366989373093057e+00 1.585135724216985231e+00 3.800000000000000000e+01 4.200000000000000000e+01
1.200000000000000000e+01 1.686750593966424905e+00 1.615246387335439016e+00 3.900000000000000000e+01 4.100000000000000000e+01
1.300000000000000000e+01 1.659585620910024595e+00 1.543863855230922510e+00 4.000000000000000000e+01 4.300000000000000000e+01
1.400000000000000000e+01 1.639485902993708111e+00 1.544027228705799226e+00 4.100000000000000000e+01 4.400000000000000000e+01
1.500000000000000000e+01 1.623024927753709656e+00 1.520863357824258522e+00 4.100000000000000000e+01 4.500000000000000000e+01
1.600000000000000000e+01 1.598660159782195000e+00 1.525207199227695654e+00 4.200000000000000000e+01 4.400000000000000000e+01
1.700000000000000000e+01 1.581498986166101739e+00 1.468306077174104551e+00 4.300000000000000000e+01 4.600000000000000000e+01
1.800000000000000000e+01 1.567397941173228837e+00 1.545660159458367655e+00 4.400000000000000000e+01 4.400000000000000000e+01
1.900000000000000000e+01 1.549703869770828524e+00 1.443088742109914113e+00 4.400000000000000000e+01 4.800000000000000000e+01
2.000000000000000000e+01 1.533046241914013397e+00 1.437773755183235247e+00 4.500000000000000000e+01 4.800000000000000000e+01
2.100000000000000000e+01 1.514832457974410129e+00 1.462130987986969943e+00 4.600000000000000000e+01 4.800000000000000000e+01
2.200000000000000000e+01 1.500735512736205202e+00 1.448548999457313524e+00 4.700000000000000000e+01 4.800000000000000000e+01
2.300000000000000000e+01 1.485135072671825540e+00 1.381835122268420868e+00 4.700000000000000000e+01 5.000000000000000000e+01
2.400000000000000000e+01 1.469889032978013876e+00 1.388710826349715433e+00 4.700000000000000000e+01 5.000000000000000000e+01
2.500000000000000000e+01 1.455320088472872753e+00 1.382772171840119357e+00 4.800000000000000000e+01 5.000000000000000000e+01
2.600000000000000000e+01 1.443531721696896364e+00 1.354544183316703121e+00 4.900000000000000000e+01 5.100000000000000000e+01
2.700000000000000000e+01 1.432365624666671611e+00 1.438598815244607643e+00 4.900000000000000000e+01 4.800000000000000000e+01
2.800000000000000000e+01 1.411490028703815236e+00 1.329456187856083105e+00 5.000000000000000000e+01 5.300000000000000000e+01
2.900000000000000000e+01 1.403154942254110971e+00 1.305352187004333198e+00 5.000000000000000000e+01 5.300000000000000000e+01
3.000000000000000000e+01 1.393260514362454794e+00 1.301504253388974686e+00 5.100000000000000000e+01 5.300000000000000000e+01
3.100000000000000000e+01 1.382021089242348122e+00 1.334737738671775142e+00 5.100000000000000000e+01 5.300000000000000000e+01
3.200000000000000000e+01 1.364222366307991319e+00 1.318120504720523334e+00 5.200000000000000000e+01 5.200000000000000000e+01
3.300000000000000000e+01 1.361733052147861001e+00 1.357991890975842386e+00 5.200000000000000000e+01 5.200000000000000000e+01
3.400000000000000000e+01 1.346369030875268935e+00 1.258059497648915448e+00 5.200000000000000000e+01 5.500000000000000000e+01
3.500000000000000000e+01 1.336851680690633648e+00 1.297351229305084619e+00 5.300000000000000000e+01 5.400000000000000000e+01
3.600000000000000000e+01 1.328487840319625635e+00 1.237383411524775711e+00 5.300000000000000000e+01 5.600000000000000000e+01
3.700000000000000000e+01 1.320711525143985154e+00 1.242215779833138578e+00 5.400000000000000000e+01 5.600000000000000000e+01
3.800000000000000000e+01 1.307047676674006231e+00 1.234078496980210105e+00 5.400000000000000000e+01 5.600000000000000000e+01
3.900000000000000000e+01 1.302441432852815328e+00 1.301594302677117954e+00 5.400000000000000000e+01 5.400000000000000000e+01
4.000000000000000000e+01 1.293117503248874867e+00 1.248105363152659297e+00 5.500000000000000000e+01 5.600000000000000000e+01
4.100000000000000000e+01 1.285584518258112485e+00 1.297054750469926798e+00 5.500000000000000000e+01 5.500000000000000000e+01
4.200000000000000000e+01 1.273861425813771264e+00 1.221834390689009009e+00 5.500000000000000000e+01 5.700000000000000000e+01
4.300000000000000000e+01 1.266435215813337178e+00 1.245041326783335567e+00 5.600000000000000000e+01 5.600000000000000000e+01
4.400000000000000000e+01 1.261833417972386462e+00 1.268106311274031839e+00 5.600000000000000000e+01 5.500000000000000000e+01
4.500000000000000000e+01 1.250109634106538969e+00 1.203035108007181275e+00 5.600000000000000000e+01 5.800000000000000000e+01
4.600000000000000000e+01 1.245355021625623726e+00 1.187854063777497027e+00 5.600000000000000000e+01 5.800000000000000000e+01
4.700000000000000000e+01 1.243373306836367931e+00 1.184479364191000528e+00 5.700000000000000000e+01 5.800000000000000000e+01
4.800000000000000000e+01 1.234936483037525123e+00 1.178626561317200006e+00 5.700000000000000000e+01 5.800000000000000000e+01
4.900000000000000000e+01 1.229137589820134435e+00 1.168181028419409406e+00 5.700000000000000000e+01 5.800000000000000000e+01
5.000000000000000000e+01 1.222388104414680488e+00 1.232138907947479378e+00 5.700000000000000000e+01 5.700000000000000000e+01
5.100000000000000000e+01 1.212216605761839761e+00 1.197490106185023384e+00 5.800000000000000000e+01 5.800000000000000000e+01
5.200000000000000000e+01 1.208558905376353687e+00 1.170805869011071643e+00 5.800000000000000000e+01 5.800000000000000000e+01
5.300000000000000000e+01 1.195773032866299213e+00 1.226332222501310021e+00 5.800000000000000000e+01 5.700000000000000000e+01
5.400000000000000000e+01 1.194022817178483464e+00 1.195345183721365556e+00 5.800000000000000000e+01 5.700000000000000000e+01
5.500000000000000000e+01 1.190926358170488086e+00 1.155276507615281334e+00 5.800000000000000000e+01 5.900000000000000000e+01
5.600000000000000000e+01 1.186789771226149481e+00 1.192609880678950685e+00 5.900000000000000000e+01 5.800000000000000000e+01
5.700000000000000000e+01 1.185468708904446888e+00 1.168763039401544912e+00 5.800000000000000000e+01 5.900000000000000000e+01
5.800000000000000000e+01 1.176217237345621669e+00 1.138181459027738152e+00 5.900000000000000000e+01 5.900000000000000000e+01
5.900000000000000000e+01 1.166050879450387434e+00 1.152609640417007641e+00 5.900000000000000000e+01 5.900000000000000000e+01
6.000000000000000000e+01 1.168851234671860473e+00 1.169999630116045353e+00 5.900000000000000000e+01 5.900000000000000000e+01
6.100000000000000000e+01 1.159559861140150527e+00 1.140104529385368659e+00 5.900000000000000000e+01 6.000000000000000000e+01
6.200000000000000000e+01 1.155778885230908326e+00 1.153285984985363832e+00 6.000000000000000000e+01 6.000000000000000000e+01
6.300000000000000000e+01 1.149875067741689350e+00 1.173277974890443831e+00 6.000000000000000000e+01 5.900000000000000000e+01
6.400000000000000000e+01 1.143367452836540066e+00 1.140195685834549444e+00 6.000000000000000000e+01 6.000000000000000000e+01
6.500000000000000000e+01 1.149873699809371486e+00 1.116694994437428035e+00 6.000000000000000000e+01 6.100000000000000000e+01
6.600000000000000000e+01 1.133087848366183925e+00 1.186438330065328062e+00 6.000000000000000000e+01 5.800000000000000000e+01
6.700000000000000000e+01 1.131355905868422829e+00 1.125956296349485797e+00 6.100000000000000000e+01 6.000000000000000000e+01
6.800000000000000000e+01 1.124057350025982505e+00 1.117726972499213600e+00 6.100000000000000000e+01 6.100000000000000000e+01
6.900000000000000000e+01 1.131330037719533665e+00 1.126565364603036468e+00 6.000000000000000000e+01 6.000000000000000000e+01
7.000000000000000000e+01 1.122644612328486113e+00 1.139920768646386584e+00 6.100000000000000000e+01 6.000000000000000000e+01
7.100000000000000000e+01 1.122834920082348642e+00 1.138884341754852425e+00 6.100000000000000000e+01 6.000000000000000000e+01
7.200000000000000000e+01 1.116903558611793468e+00 1.148051452332030431e+00 6.100000000000000000e+01 6.000000000000000000e+01
7.300000000000000000e+01 1.110971679347337870e+00 1.143591602579854261e+00 6.100000000000000000e+01 6.000000000000000000e+01
7.400000000000000000e+01 1.104791243909187815e+00 1.104226303557618305e+00 6.100000000000000000e+01 6.100000000000000000e+01
7.500000000000000000e+01 1.110987743580867493e+00 1.130669844607575580e+00 6.100000000000000000e+01 6.000000000000000000e+01
7.600000000000000000e+01 1.097520899673493533e+00 1.130147536722615920e+00 6.100000000000000000e+01 6.000000000000000000e+01
7.700000000000000000e+01 1.098168949514951587e+00 1.116301094381192183e+00 6.200000000000000000e+01 6.100000000000000000e+01
7.800000000000000000e+01 1.092172012181138685e+00 1.140024512910995158e+00 6.200000000000000000e+01 6.000000000000000000e+01
7.900000000000000000e+01 1.094517656724115939e+00 1.118813723801804771e+00 6.200000000000000000e+01 6.100000000000000000e+01
8.000000000000000000e+01 1.092896408593891033e+00 1.095467953445812492e+00 6.200000000000000000e+01 6.200000000000000000e+01
8.100000000000000000e+01 1.085919923303375834e+00 1.101591397588626231e+00 6.200000000000000000e+01 6.200000000000000000e+01
8.200000000000000000e+01 1.078632725520692226e+00 1.132493736073612700e+00 6.200000000000000000e+01 6.100000000000000000e+01
8.300000000000000000e+01 1.081380785998822258e+00 1.133319416366065369e+00 6.200000000000000000e+01 6.100000000000000000e+01
8.400000000000000000e+01 1.076500525992418522e+00 1.105250196335033852e+00 6.200000000000000000e+01 6.200000000000000000e+01
8.500000000000000000e+01 1.071251309612052172e+00 1.093646970229407822e+00 6.300000000000000000e+01 6.200000000000000000e+01
8.600000000000000000e+01 1.071510860688092981e+00 1.117590121948681015e+00 6.200000000000000000e+01 6.100000000000000000e+01
8.700000000000000000e+01 1.073712815802904341e+00 1.107709998520799433e+00 6.300000000000000000e+01 6.100000000000000000e+01
8.800000000000000000e+01 1.064915604760688028e+00 1.127644016338994248e+00 6.300000000000000000e+01 6.100000000000000000e+01
8.900000000000000000e+01 1.063801469363543806e+00 1.104435508624433293e+00 6.300000000000000000e+01 6.200000000000000000e+01
9.000000000000000000e+01 1.058435016653130445e+00 1.140475474036158898e+00 6.300000000000000000e+01 6.100000000000000000e+01
9.100000000000000000e+01 1.061109054473753810e+00 1.113358838870502465e+00 6.300000000000000000e+01 6.100000000000000000e+01
9.200000000000000000e+01 1.053935957885444363e+00 1.161839516208575507e+00 6.300000000000000000e+01 6.000000000000000000e+01
9.300000000000000000e+01 1.056697544957000412e+00 1.091612407003347940e+00 6.300000000000000000e+01 6.200000000000000000e+01
9.400000000000000000e+01 1.050092209971873913e+00 1.096681138387503252e+00 6.300000000000000000e+01 6.200000000000000000e+01
9.500000000000000000e+01 1.052695376249131565e+00 1.115511060522768050e+00 6.300000000000000000e+01 6.200000000000000000e+01
9.600000000000000000e+01 1.048995606253258384e+00 1.138928233053737582e+00 6.300000000000000000e+01 6.100000000000000000e+01
9.700000000000000000e+01 1.045569836597601165e+00 1.137907279756503298e+00 6.300000000000000000e+01 6.100000000000000000e+01
9.800000000000000000e+01 1.038637894891579094e+00 1.109102935455858585e+00 6.300000000000000000e+01 6.200000000000000000e+01
9.900000000000000000e+01 1.041015206623443490e+00 1.100759187064612732e+00 6.300000000000000000e+01 6.200000000000000000e+01
