0.000000000000000000e+00 2.226741315535986310e+00 2.127485516353156303e+00 1.700000000000000000e+01 2.000000000000000000e+01
1.000000000000000000e+00 2.106992435012958964e+00 2.052893193004230454e+00 2.200000000000000000e+01 2.600000000000000000e+01
2.000000000000000000e+00 2.052617650038145225e+00 2.001961606759994350e+00 2.500000000000000000e+01 2.800000000000000000e+01
3.000000000000000000e+00 2.017025041336137470e+00 1.966630844262461375e+00 2.700000000000000000e+01 3.000000000000000000e+01
4.000000000000000000e+00 1.991650656866706948e+00 1.935411161508042266e+00 2.800000000000000000e+01 3.100000000000000000e+01
5.000000000000000000e+00 1.967927939450977215e+00 1.913546759861345814e+00 2.900000000000000000e+01 3.100000000000000000e+01
6.000000000000000000e+00 1.947177183223853802e+00 1.906254447306306998e+00 3.000000000000000000e+01 3.200000000000000000e+01
7.000000000000000000e+00 1.931265422875348747e+00 1.893089855060029025e+00 3.000000000000000000e+01 3.200000000000000000e+01
8.000000000000000000e+00 1.915182672093025840e+00 1.863842821730592458e+00 3.100000000000000000e+01 3.300000000000000000e+01
9.000000000000000000e+00 1.900774009015723465e+00 1.839068293571472168e+00 3.200000000000000000e+01 3.400000000000000000e+01
1.000000000000000000e+01 1.892029262473776896e+00 1.832995414353026264e+00 3.200000000000000000e+01 3.400000000000000000e+01
1.100000000000000000e+01 1.876265096572905300e+00 1.832831053307262037e+00 3.200000000000000000e+01 3.400000000000000000e+01
1.200000000000000000e+01 1.868211614193248105e+00 1.812327588328157324e+00 3.300000000000000000e+01 3.500000000000000000e+01
1.300000000000000000e+01 1.853771330680285878e+00 1.808426541261398679e+00 3.300000000000000000e+01 3.500000000000000000e+01
1.400000000000000000e+01 1.842271593314138478e+00 1.797914005316103569e+00 3.400000000000000000e+01 3.600000000000000000e+01
1.500000000000000000e+01 1.834621385130757121e+00 1.794239071992258738e+00 3.400000000000000000e+01 3.600000000000000000e+01
1.600000000000000000e+01 1.828959317521566819e+00 1.792979581287493795e+00 3.400000000000000000e+01 3.600000000000000000e+01
1.700000000000000000e+01 1.818524864798391372e+00 1.759740151536350439e+00 3.500000000000000000e+01 3.700000000000000000e+01
1.800000000000000000e+01 1.811848629611620076e+00 1.771011318261630940e+00 3.500000000000000000e+01 3.700000000000000000e+01
1.900000000000000000e+01 1.803585312493092951e+00 1.749380401529062379e+00 3.500000000000000000e+01 3.800000000000000000e+01
2.000000000000000000e+01 1.802546856118102836e+00 1.759406895683215399e+00 3.500000000000000000e+01 3.700000000000000000e+01
2.100000000000000000e+01 1.792057035751855265e+00 1.743179230644299249e+00 3.600000000000000000e+01 3.700000000000000000e+01
2.200000000000000000e+01 1.784582032962098719e+00 1.726379675987048667e+00 3.600000000000000000e+01 3.800000000000000000e+01
2.300000000000000000e+01 1.776280346850287239e+00 1.723052236980523455e+00 3.600000000000000000e+01 3.800000000000000000e+01
2.400000000000000000e+01 1.770664920428587807e+00 1.722839049257028687e+00 3.600000000000000000e+01 3.800000000000000000e+01
2.500000000000000000e+01 1.769377249597511526e+00 1.744919337022799555e+00 3.600000000000000000e+01 3.800000000000000000e+01
2.600000000000000000e+01 1.762774576609972055e+00 1.715811280396799754e+00 3.700000000000000000e+01 3.900000000000000000e+01
2.700000000000000000e+01 1.756058087962145020e+00 1.698191665612851509e+00 3.700000000000000000e+01 3.900000000000000000e+01
2.800000000000000000e+01 1.749055968746495271e+00 1.698375598310281731e+00 3.700000000000000000e+01 3.900000000000000000e+01
2.900000000000000000e+01 1.745912086635694527e+00 1.691785751059413423e+00 3.700000000000000000e+01 3.900000000000000000e+01
3.000000000000000000e+01 1.743152281068031773e+00 1.705676684745203620e+00 3.700000000000000000e+01 3.900000000000000000e+01
3.100000000000000000e+01 1.736889456223007722e+00 1.709950730061759572e+00 3.700000000000000000e+01 3.800000000000000000e+01
3.200000000000000000e+01 1.734081802654937610e+00 1.728716952351335490e+00 3.800000000000000000e+01 3.800000000000000000e+01
3.300000000000000000e+01 1.727847246428140027e+00 1.678126270778643736e+00 3.800000000000000000e+01 4.000000000000000000e+01
3.400000000000000000e+01 1.724984783433754387e+00 1.694065597110663068e+00 3.800000000000000000e+01 3.900000000000000000e+01
3.500000000000000000e+01 1.716203873079706232e+00 1.667583462910149361e+00 3.800000000000000000e+01 4.000000000000000000e+01
3.600000000000000000e+01 1.714846019705212887e+00 1.681283449212583214e+00 3.800000000000000000e+01 4.000000000000000000e+01
3.700000000000000000e+01 1.709114857537580079e+00 1.674102827382925707e+00 3.800000000000000000e+01 4.000000000000000000e+01
3.800000000000000000e+01 1.708967333334192373e+00 1.666479107670890691e+00 3.800000000000000000e+01 4.000000000000000000e+01
3.900000000000000000e+01 1.704557864771237163e+00 1.669465223059486636e+00 3.900000000000000000e+01 4.000000000000000000e+01
4.000000000000000000e+01 1.700557512727518983e+00 1.655665074293605876e+00 3.900000000000000000e+01 4.000000000000000000e+01
4.100000000000000000e+01 1.697508383773491225e+00 1.667354259247216142e+00 3.900000000000000000e+01 3.900000000000000000e+01
4.200000000000000000e+01 1.697488829636528029e+00 1.657521707943072409e+00 3.900000000000000000e+01 4.000000000000000000e+01
4.300000000000000000e+01 1.694099965266363750e+00 1.656809302564627107e+00 3.900000000000000000e+01 4.000000000000000000e+01
4.400000000000000000e+01 1.689096488635355442e+00 1.645939415255293747e+00 3.900000000000000000e+01 4.100000000000000000e+01
4.500000000000000000e+01 1.684394073806660286e+00 1.646114753077205339e+00 3.900000000000000000e+01 4.100000000000000000e+01
4.600000000000000000e+01 1.683210793627582191e+00 1.641239894845615277e+00 3.900000000000000000e+01 4.100000000000000000e+01
4.700000000000000000e+01 1.681121405850445338e+00 1.647305632932498431e+00 3.900000000000000000e+01 4.100000000000000000e+01
4.800000000000000000e+01 1.674331972634113486e+00 1.676268805330172862e+00 4.000000000000000000e+01 4.000000000000000000e+01
4.900000000000000000e+01 1.671745312648634130e+00 1.660504612298057570e+00 4.000000000000000000e+01 4.000000000000000000e+01
5.000000000000000000e+01 1.674607676721427740e+00 1.654725620921808416e+00 3.900000000000000000e+01 4.100000000000000000e+01
5.100000000000000000e+01 1.667937513276391170e+00 1.652536461528497869e+00 4.000000000000000000e+01 4.100000000000000000e+01
5.200000000000000000e+01 1.663872416478582306e+00 1.644594046635368789e+00 4.000000000000000000e+01 4.100000000000000000e+01
5.300000000000000000e+01 1.663033883234513288e+00 1.663743405677259091e+00 4.000000000000000000e+01 4.100000000000000000e+01
5.400000000000000000e+01 1.662686712911170206e+00 1.634359410395637591e+00 4.000000000000000000e+01 4.100000000000000000e+01
5.500000000000000000e+01 1.658669286024395007e+00 1.632898615191157976e+00 4.000000000000000000e+01 4.100000000000000000e+01
5.600000000000000000e+01 1.656412495990174705e+00 1.628772804150566023e+00 4.000000000000000000e+01 4.100000000000000000e+01
5.700000000000000000e+01 1.656259511803024775e+00 1.633044917743426971e+00 4.000000000000000000e+01 4.100000000000000000e+01
5.800000000000000000e+01 1.658738836293333296e+00 1.621007182727606466e+00 4.000000000000000000e+01 4.200000000000000000e+01
5.900000000000000000e+01 1.654824231270407564e+00 1.641808956194990454e+00 4.000000000000000000e+01 4.000000000000000000e+01
6.000000000000000000e+01 1.651416409648692740e+00 1.628962613523196934e+00 4.000000000000000000e+01 4.200000000000000000e+01
6.100000000000000000e+01 1.649270010543647524e+00 1.645576895235445480e+00 4.100000000000000000e+01 4.100000000000000000e+01
6.200000000000000000e+01 1.642104703344295036e+00 1.634605863223822286e+00 4.100000000000000000e+01 4.100000000000000000e+01
6.300000000000000000e+01 1.646261458662329646e+00 1.635392620540655484e+00 4.100000000000000000e+01 4.100000000000000000e+01
6.400000000000000000e+01 1.641862026255480167e+00 1.626545147773937661e+00 4.100000000000000000e+01 4.100000000000000000e+01
6.500000000000000000e+01 1.642230183439077784e+00 1.621122423452310279e+00 4.100000000000000000e+01 4.200000000000000000e+01
6.600000000000000000e+01 1.637500947435468035e+00 1.630390608653473850e+00 4.100000000000000000e+01 4.100000000000000000e+01
6.700000000000000000e+01 1.632505403217869633e+00 1.619340496703077781e+00 4.100000000000000000e+01 4.100000000000000000e+01
6.800000000000000000e+01 1.638349217477702124e+00 1.623913543673749960e+00 4.100000000000000000e+01 4.100000000000000000e+01
6.900000000000000000e+01 1.632544462374213134e+00 1.620958885064901933e+00 4.100000000000000000e+01 4.100000000000000000e+01
7.000000000000000000e+01 1.627164480477209185e+00 1.610670270249485503e+00 4.100000000000000000e+01 4.200000000000000000e+01
7.100000000000000000e+01 1.629263650204078262e+00 1.611393378946347044e+00 4.100000000000000000e+01 4.200000000000000000e+01
7.200000000000000000e+01 1.628514773481104294e+00 1.630804145298065055e+00 4.100000000000000000e+01 4.100000000000000000e+01
7.300000000000000000e+01 1.625394019345328012e+00 1.631644685428363495e+00 4.100000000000000000e+01 4.100000000000000000e+01
7.400000000000000000e+01 1.622376190723704648e+00 1.626738569606988261e+00 4.200000000000000000e+01 4.100000000000000000e+01
7.500000000000000000e+01 1.623523893832245157e+00 1.623548489028272535e+00 4.200000000000000000e+01 4.200000000000000000e+01
7.600000000000000000e+01 1.618397666793256917e+00 1.629032425606212753e+00 4.200000000000000000e+01 4.100000000000000000e+01
7.700000000000000000e+01 1.616128141576482546e+00 1.624743075797352221e+00 4.200000000000000000e+01 4.100000000000000000e+01
7.800000000000000000e+01 1.618544993992425463e+00 1.645013702182343218e+00 4.200000000000000000e+01 4.100000000000000000e+01
7.900000000000000000e+01 1.616792330586292570e+00 1.624409221231746914e+00 4.100000000000000000e+01 4.200000000000000000e+01
8.000000000000000000e+01 1.606634761382583099e+00 1.613652699290753834e+00 4.200000000000000000e+01 4.200000000000000000e+01
8.100000000000000000e+01 1.611395275600430832e+00 1.608997914737786639e+00 4.200000000000000000e+01 4.200000000000000000e+01
8.200000000000000000e+01 1.611861082200277906e+00 1.617026197643706587e+00 4.200000000000000000e+01 4.200000000000000000e+01
8.300000000000000000e+01 1.610772662946831524e+00 1.616745166123484623e+00 4.200000000000000000e+01 4.100000000000000000e+01
8.400000000000000000e+01 1.606556451099466543e+00 1.606129950608689239e+00 4.200000000000000000e+01 4.200000000000000000e+01
8.500000000000000000e+01 1.604143279832826563e+00 1.606862131779948077e+00 4.200000000000000000e+01 4.200000000000000000e+01
8.600000000000000000e+01 1.600603066532564567e+00 1.601475515685523376e+00 4.300000000000000000e+01 4.300000000000000000e+01
8.700000000000000000e+01 1.604186508949948520e+00 1.610748337861447999e+00 4.200000000000000000e+01 4.200000000000000000e+01
8.800000000000000000e+01 1.597744141872769585e+00 1.614714662868755646e+00 4.200000000000000000e+01 4.100000000000000000e+01
8.900000000000000000e+01 1.597952410569194015e+00 1.618918284440573840e+00 4.200000000000000000e+01 4.100000000000000000e+01
9.000000000000000000e+01 1.598177000718168594e+00 1.602052062083357153e+00 4.200000000000000000e+01 4.200000000000000000e+01
9.100000000000000000e+01 1.594780099445325838e+00 1.613259904681684009e+00 4.300000000000000000e+01 4.200000000000000000e+01
9.200000000000000000e+01 1.595460012564656083e+00 1.589768546838729923e+00 4.200000000000000000e+01 4.300000000000000000e+01
9.300000000000000000e+01 1.591817398827882979e+00 1.618701540243130621e+00 4.200000000000000000e+01 4.200000000000000000e+01
9.400000000000000000e+01 1.590967045101841837e+00 1.610869535622886151e+00 4.200000000000000000e+01 4.200000000000000000e+01
9.500000000000000000e+01 1.590653423613183959e+00 1.602868369212165911e+00 4.300000000000000000e+01 4.200000000000000000e+01
9.600000000000000000e+01 1.585495677424483940e+00 1.593526402220558413e+00 4.300000000000000000e+01 4.300000000000000000e+01
9.700000000000000000e+01 1.589369303357959673e+00 1.601805800827928339e+00 4.300000000000000000e+01 4.200000000000000000e+01
9.800000000000000000e+01 1.585096553892793469e+00 1.617876621480947907e+00 4.300000000000000000e+01 4.200000000000000000e+01
9.900000000000000000e+01 1.584392820728641293e+00 1.603974470315268963e+00 4.300000000000000000e+01 4.200000000000000000e+01
