0.000000000000000000e+00 2.203596819995384593e+00 2.104324056317631086e+00 1.900000000000000000e+01 2.200000000000000000e+01
1.000000000000000000e+00 2.067149069930068528e+00 2.043008754809443772e+00 2.500000000000000000e+01 2.600000000000000000e+01
2.000000000000000000e+00 2.014689595975406089e+00 2.007903864970222330e+00 2.800000000000000000e+01 2.800000000000000000e+01
3.000000000000000000e+00 1.972082933247737646e+00 1.951869203640629991e+00 2.900000000000000000e+01 3.000000000000000000e+01
4.000000000000000000e+00 1.930649141279917380e+00 1.909608632611771384e+00 3.100000000000000000e+01 3.200000000000000000e+01
5.000000000000000000e+00 1.894311678462964998e+00 1.874510990164150348e+00 3.200000000000000000e+01 3.300000000000000000e+01
6.000000000000000000e+00 1.864169429298859759e+00 1.851888862661660307e+00 3.300000000000000000e+01 3.400000000000000000e+01
7.000000000000000000e+00 1.839522929353280878e+00 1.832960175249142454e+00 3.400000000000000000e+01 3.500000000000000000e+01
8.000000000000000000e+00 1.815982279301604940e+00 1.822557991305098435e+00 3.500000000000000000e+01 3.500000000000000000e+01
9.000000000000000000e+00 1.796952481309496585e+00 1.829671816323131139e+00 3.600000000000000000e+01 3.500000000000000000e+01
1.000000000000000000e+01 1.778585848027288474e+00 1.792661107767123285e+00 3.600000000000000000e+01 3.600000000000000000e+01
1.100000000000000000e+01 1.763208350537300628e+00 1.768061380035961028e+00 3.700000000000000000e+01 3.700000000000000000e+01
1.200000000000000000e+01 1.747806359618730543e+00 1.763054515607060058e+00 3.800000000000000000e+01 3.700000000000000000e+01
1.300000000000000000e+01 1.732146170149990505e+00 1.753722295593529878e+00 3.800000000000000000e+01 3.700000000000000000e+01
1.400000000000000000e+01 1.720772446002703848e+00 1.761490031934012990e+00 3.900000000000000000e+01 3.600000000000000000e+01
1.500000000000000000e+01 1.709403652986195787e+00 1.826065518985541036e+00 3.900000000000000000e+01 3.500000000000000000e+01
1.600000000000000000e+01 1.696156851237047514e+00 1.719740794870419309e+00 4.000000000000000000e+01 3.800000000000000000e+01
1.700000000000000000e+01 1.684777041772048012e+00 1.771647681824315423e+00 4.000000000000000000e+01 3.700000000000000000e+01
1.800000000000000000e+01 1.673558761733354716e+00 1.728151039574473913e+00 4.000000000000000000e+01 3.800000000000000000e+01
1.900000000000000000e+01 1.663180325707028562e+00 1.716520652222557120e+00 4.100000000000000000e+01 3.800000000000000000e+01
2.000000000000000000e+01 1.651646454671370501e+00 1.732312074103675270e+00 4.100000000000000000e+01 3.800000000000000000e+01
2.100000000000000000e+01 1.642526510504675574e+00 1.701317226543974881e+00 4.100000000000000000e+01 3.900000000000000000e+01
2.200000000000000000e+01 1.633569909377656337e+00 1.732818090877593864e+00 4.200000000000000000e+01 3.800000000000000000e+01
2.300000000000000000e+01 1.622538707993080864e+00 1.697168878092171651e+00 4.200000000000000000e+01 3.900000000000000000e+01
2.400000000000000000e+01 1.612031870748626083e+00 1.706319834096744037e+00 4.200000000000000000e+01 3.900000000000000000e+01
2.500000000000000000e+01 1.604482608884858941e+00 1.674758863906129047e+00 4.300000000000000000e+01 4.000000000000000000e+01
2.600000000000000000e+01 1.598081782317207322e+00 1.800114625178206085e+00 4.300000000000000000e+01 3.600000000000000000e+01
2.700000000000000000e+01 1.591651589460122862e+00 1.658441271644811588e+00 4.300000000000000000e+01 4.100000000000000000e+01
2.800000000000000000e+01 1.581665383038121098e+00 1.650876546820131630e+00 4.300000000000000000e+01 4.100000000000000000e+01
2.900000000000000000e+01 1.576182845763037577e+00 1.815452895987148096e+00 4.300000000000000000e+01 3.500000000000000000e+01
3.000000000000000000e+01 1.567899950711451051e+00 1.706474751329269735e+00 4.400000000000000000e+01 3.900000000000000000e+01
3.100000000000000000e+01 1.562211136290146962e+00 1.635117235655982659e+00 4.400000000000000000e+01 4.100000000000000000e+01
3.200000000000000000e+01 1.554718583345565674e+00 1.703941825479745154e+00 4.400000000000000000e+01 3.900000000000000000e+01
3.300000000000000000e+01 1.548953799429568345e+00 1.675961017608642578e+00 4.500000000000000000e+01 4.000000000000000000e+01
3.400000000000000000e+01 1.542757991331934031e+00 1.673979561549786998e+00 4.500000000000000000e+01 4.000000000000000000e+01
3.500000000000000000e+01 1.537273453049223360e+00 1.649947614715502997e+00 4.500000000000000000e+01 4.100000000000000000e+01
3.600000000000000000e+01 1.531734362826161266e+00 1.646108407562913989e+00 4.500000000000000000e+01 4.100000000000000000e+01
3.700000000000000000e+01 1.525329229775256090e+00 1.640246548591711262e+00 4.500000000000000000e+01 4.100000000000000000e+01
3.800000000000000000e+01 1.521079033556002713e+00 1.703934286729977154e+00 4.600000000000000000e+01 3.900000000000000000e+01
3.900000000000000000e+01 1.514810662085019910e+00 1.642523595700248640e+00 4.600000000000000000e+01 4.100000000000000000e+01
4.000000000000000000e+01 1.511238567812352773e+00 1.639349332632729084e+00 4.600000000000000000e+01 4.100000000000000000e+01
4.100000000000000000e+01 1.505081980600619485e+00 1.669635621122658842e+00 4.600000000000000000e+01 4.100000000000000000e+01
4.200000000000000000e+01 1.499170730301606191e+00 1.622189403341981917e+00 4.600000000000000000e+01 4.300000000000000000e+01
4.300000000000000000e+01 1.496934703047734683e+00 1.651852536506165370e+00 4.700000000000000000e+01 4.100000000000000000e+01
4.400000000000000000e+01 1.491496435473229187e+00 1.654851582484504258e+00 4.700000000000000000e+01 4.200000000000000000e+01
4.500000000000000000e+01 1.485123085502775941e+00 1.725122202699557628e+00 4.700000000000000000e+01 4.000000000000000000e+01
4.600000000000000000e+01 1.482906517239617639e+00 1.682659240576405812e+00 4.700000000000000000e+01 4.100000000000000000e+01
4.700000000000000000e+01 1.479148232662288898e+00 1.622207375761038239e+00 4.700000000000000000e+01 4.200000000000000000e+01
4.800000000000000000e+01 1.473044128655929708e+00 1.640152387725659411e+00 4.700000000000000000e+01 4.100000000000000000e+01
4.900000000000000000e+01 1.469563812951742543e+00 1.610959559583816203e+00 4.700000000000000000e+01 4.300000000000000000e+01
5.000000000000000000e+01 1.465560389457417179e+00 1.655705982122939179e+00 4.700000000000000000e+01 4.100000000000000000e+01
5.100000000000000000e+01 1.461643964605154444e+00 1.618036079711426600e+00 4.800000000000000000e+01 4.300000000000000000e+01
5.200000000000000000e+01 1.457015707907734603e+00 1.673031909778095239e+00 4.800000000000000000e+01 4.100000000000000000e+01
5.300000000000000000e+01 1.451624456271100261e+00 1.647382992905930488e+00 4.800000000000000000e+01 4.100000000000000000e+01
5.400000000000000000e+01 1.449549266373737488e+00 1.624352644045893745e+00 4.800000000000000000e+01 4.300000000000000000e+01
5.500000000000000000e+01 1.444996807183200449e+00 1.630352690197027554e+00 4.800000000000000000e+01 4.200000000000000000e+01
5.600000000000000000e+01 1.441572287489951476e+00 1.669118253948589592e+00 4.800000000000000000e+01 4.100000000000000000e+01
5.700000000000000000e+01 1.438925670113078370e+00 1.700799451087610326e+00 4.900000000000000000e+01 4.100000000000000000e+01
5.800000000000000000e+01 1.434155401669475971e+00 1.624125052564822091e+00 4.900000000000000000e+01 4.300000000000000000e+01
5.900000000000000000e+01 1.429361977069254275e+00 1.643115090485959717e+00 4.900000000000000000e+01 4.200000000000000000e+01
6.000000000000000000e+01 1.426015461780135718e+00 1.635773359015346040e+00 4.900000000000000000e+01 4.200000000000000000e+01
6.100000000000000000e+01 1.424387986203911716e+00 1.617723063539011408e+00 4.900000000000000000e+01 4.300000000000000000e+01
6.200000000000000000e+01 1.419943978408171548e+00 1.621695841844089436e+00 4.900000000000000000e+01 4.200000000000000000e+01
6.300000000000000000e+01 1.417766462742176437e+00 1.647985507124148263e+00 4.900000000000000000e+01 4.200000000000000000e+01
6.400000000000000000e+01 1.414958861266201406e+00 1.650373914371283224e+00 4.900000000000000000e+01 4.200000000000000000e+01
6.500000000000000000e+01 1.410628715655167564e+00 1.639073486907032695e+00 5.000000000000000000e+01 4.200000000000000000e+01
6.600000000000000000e+01 1.409538784586918059e+00 1.636366160532917835e+00 5.000000000000000000e+01 4.200000000000000000e+01
6.700000000000000000e+01 1.402825467035851315e+00 1.633819248729620588e+00 5.000000000000000000e+01 4.200000000000000000e+01
6.800000000000000000e+01 1.400967006147937344e+00 1.672420337558173431e+00 5.000000000000000000e+01 4.100000000000000000e+01
6.900000000000000000e+01 1.397304158293125598e+00 1.631818903520846131e+00 5.000000000000000000e+01 4.200000000000000000e+01
7.000000000000000000e+01 1.395759494428213676e+00 1.640498502185931295e+00 5.000000000000000000e+01 4.200000000000000000e+01
7.100000000000000000e+01 1.392298026833866720e+00 1.659036196839695165e+00 5.000000000000000000e+01 4.200000000000000000e+01
7.200000000000000000e+01 1.389640131632791986e+00 1.645205839754293464e+00 5.000000000000000000e+01 4.200000000000000000e+01
7.300000000000000000e+01 1.383862323663361371e+00 1.707655669020387679e+00 5.100000000000000000e+01 4.000000000000000000e+01
7.400000000000000000e+01 1.383234349413705155e+00 1.637709987430145953e+00 5.000000000000000000e+01 4.200000000000000000e+01
7.500000000000000000e+01 1.380187985039794674e+00 1.631638814085207834e+00 5.100000000000000000e+01 4.200000000000000000e+01
7.600000000000000000e+01 1.377153593419990774e+00 1.606771350668642073e+00 5.100000000000000000e+01 4.300000000000000000e+01
7.700000000000000000e+01 1.375085070090498185e+00 1.649422270040542537e+00 5.100000000000000000e+01 4.300000000000000000e+01
7.800000000000000000e+01 1.372973788379478810e+00 1.637325310859436334e+00 5.100000000000000000e+01 4.300000000000000000e+01
7.900000000000000000e+01 1.367704704489680401e+00 1.630406124523272604e+00 5.100000000000000000e+01 4.300000000000000000e+01
8.000000000000000000e+01 1.366459532227946250e+00 1.632871107552379186e+00 5.100000000000000000e+01 4.200000000000000000e+01
8.100000000000000000e+01 1.361294239473434420e+00 1.690819143487241716e+00 5.100000000000000000e+01 4.200000000000000000e+01
8.200000000000000000e+01 1.362465786270353973e+00 1.636466839442999532e+00 5.100000000000000000e+01 4.300000000000000000e+01
8.300000000000000000e+01 1.357762578085913496e+00 1.629004246891497143e+00 5.100000000000000000e+01 4.300000000000000000e+01
8.400000000000000000e+01 1.356184219253879331e+00 1.643408554811447209e+00 5.100000000000000000e+01 4.200000000000000000e+01
8.500000000000000000e+01 1.354697906658272721e+00 1.637174744956409578e+00 5.100000000000000000e+01 4.300000000000000000e+01
8.600000000000000000e+01 1.349588627854906742e+00 1.637920071903508967e+00 5.200000000000000000e+01 4.200000000000000000e+01
8.700000000000000000e+01 1.347122829767350316e+00 1.637859791231612405e+00 5.200000000000000000e+01 4.300000000000000000e+01
8.800000000000000000e+01 1.346815321968674040e+00 1.631089021222659863e+00 5.200000000000000000e+01 4.200000000000000000e+01
8.900000000000000000e+01 1.344670152366733262e+00 1.630094603227731032e+00 5.200000000000000000e+01 4.300000000000000000e+01
9.000000000000000000e+01 1.340998058965857442e+00 1.698703247518204229e+00 5.200000000000000000e+01 4.000000000000000000e+01
9.100000000000000000e+01 1.338793320489555239e+00 1.654467565944781393e+00 5.200000000000000000e+01 4.200000000000000000e+01
9.200000000000000000e+01 1.336083779522645010e+00 1.625531919086322219e+00 5.200000000000000000e+01 4.300000000000000000e+01
9.300000000000000000e+01 1.333460166144660786e+00 1.647213247256537949e+00 5.200000000000000000e+01 4.200000000000000000e+01
9.400000000000000000e+01 1.331635486255909440e+00 1.704575452560814774e+00 5.200000000000000000e+01 4.100000000000000000e+01
9.500000000000000000e+01 1.328290417533003254e+00 1.664129005834317443e+00 5.300000000000000000e+01 4.200000000000000000e+01
9.600000000000000000e+01 1.325557522909502461e+00 1.644330843949851184e+00 5.200000000000000000e+01 4.300000000000000000e+01
9.700000000000000000e+01 1.323430385943490162e+00 1.710498599579539869e+00 5.300000000000000000e+01 4.100000000000000000e+01
9.800000000000000000e+01 1.322621738536954306e+00 1.661400667775553286e+00 5.300000000000000000e+01 4.200000000000000000e+01
9.900000000000000000e+01 1.319423167810787945e+00 1.644769859770997211e+00 5.300000000000000000e+01 4.200000000000000000e+01
