0.000000000000000000e+00 4.965560961151123109e+00 4.700660504472141454e+00 1.200000000000000000e+01 2.900000000000000000e+01
1.000000000000000000e+00 4.904574167251587014e+00 4.625339492822226894e+00 1.400000000000000000e+01 3.300000000000000000e+01
2.000000000000000000e+00 4.872586957550049114e+00 4.579377346526319670e+00 1.500000000000000000e+01 3.600000000000000000e+01
3.000000000000000000e+00 4.852085224660237728e+00 4.591828984574387817e+00 1.500000000000000000e+01 3.800000000000000000e+01
4.000000000000000000e+00 4.824728221130371253e+00 4.572078235614033481e+00 1.600000000000000000e+01 3.900000000000000000e+01
5.000000000000000000e+00 4.821834394836425730e+00 4.582689853521962675e+00 1.600000000000000000e+01 4.000000000000000000e+01
6.000000000000000000e+00 4.811787476857503520e+00 4.539609598275571756e+00 1.600000000000000000e+01 4.100000000000000000e+01
7.000000000000000000e+00 4.822417043813069348e+00 4.538981801785600290e+00 1.600000000000000000e+01 4.100000000000000000e+01
8.000000000000000000e+00 4.805179715983072697e+00 4.519597307942546216e+00 1.600000000000000000e+01 4.200000000000000000e+01
9.000000000000000000e+00 4.812237313588460630e+00 4.576940253138922721e+00 1.600000000000000000e+01 4.200000000000000000e+01
1.000000000000000000e+01 4.810236728541056550e+00 4.562482643432129947e+00 1.600000000000000000e+01 4.300000000000000000e+01
1.100000000000000000e+01 4.801794792938232526e+00 4.552207806620734765e+00 1.600000000000000000e+01 4.300000000000000000e+01
1.200000000000000000e+01 4.811751690292358496e+00 4.529997697653480593e+00 1.600000000000000000e+01 4.300000000000000000e+01
1.300000000000000000e+01 4.795176019159952396e+00 4.508660654671276191e+00 1.600000000000000000e+01 4.300000000000000000e+01
1.400000000000000000e+01 4.785966799799600935e+00 4.508210296448046606e+00 1.700000000000000000e+01 4.300000000000000000e+01
1.500000000000000000e+01 4.793144016901652371e+00 4.560512039988947386e+00 1.600000000000000000e+01 4.500000000000000000e+01
1.600000000000000000e+01 4.783784753545125668e+00 4.482575453127535248e+00 1.700000000000000000e+01 4.400000000000000000e+01
1.700000000000000000e+01 4.792455186208089302e+00 4.474219722869677618e+00 1.600000000000000000e+01 4.400000000000000000e+01
1.800000000000000000e+01 4.783788680903116486e+00 4.570777487830993913e+00 1.700000000000000000e+01 4.400000000000000000e+01
1.900000000000000000e+01 4.783457976659138744e+00 4.457336777696213836e+00 1.700000000000000000e+01 4.400000000000000000e+01
2.000000000000000000e+01 4.788162733713785535e+00 4.530256477026894046e+00 1.700000000000000000e+01 4.500000000000000000e+01
2.100000000000000000e+01 4.797162449264526174e+00 4.462616716330043865e+00 1.600000000000000000e+01 4.400000000000000000e+01
2.200000000000000000e+01 4.783682386779784856e+00 4.513912913898309398e+00 1.700000000000000000e+01 4.500000000000000000e+01
2.300000000000000000e+01 4.792251955922444573e+00 4.518042424235480858e+00 1.700000000000000000e+01 4.500000000000000000e+01
2.400000000000000000e+01 4.783852040227253966e+00 4.501422627665363940e+00 1.700000000000000000e+01 4.400000000000000000e+01
2.500000000000000000e+01 4.773064799372354727e+00 4.427611156012684290e+00 1.700000000000000000e+01 4.500000000000000000e+01
2.600000000000000000e+01 4.773977935409545736e+00 4.493119082892664373e+00 1.700000000000000000e+01 4.500000000000000000e+01
2.700000000000000000e+01 4.776473948796589930e+00 4.446615540562346425e+00 1.700000000000000000e+01 4.500000000000000000e+01
2.800000000000000000e+01 4.782697938791910630e+00 4.535909928452854345e+00 1.700000000000000000e+01 4.500000000000000000e+01
2.900000000000000000e+01 4.789996526845296643e+00 4.468092673121931035e+00 1.700000000000000000e+01 4.500000000000000000e+01
3.000000000000000000e+01 4.766798665491739584e+00 4.497536194591095438e+00 1.700000000000000000e+01 4.500000000000000000e+01
3.100000000000000000e+01 4.788878510538737032e+00 4.473306654360347245e+00 1.700000000000000000e+01 4.500000000000000000e+01
3.200000000000000000e+01 4.760005840555827206e+00 4.533762113735698485e+00 1.700000000000000000e+01 4.500000000000000000e+01
3.300000000000000000e+01 4.782594473393758427e+00 4.503207240241785314e+00 1.700000000000000000e+01 4.500000000000000000e+01
3.400000000000000000e+01 4.779597312927245767e+00 4.456299160235225543e+00 1.700000000000000000e+01 4.500000000000000000e+01
3.500000000000000000e+01 4.777183031336466712e+00 4.551082454169519842e+00 1.700000000000000000e+01 4.500000000000000000e+01
3.600000000000000000e+01 4.781055417505900351e+00 4.434922033986344658e+00 1.700000000000000000e+01 4.500000000000000000e+01
3.700000000000000000e+01 4.779069958623249903e+00 4.430983765818440112e+00 1.700000000000000000e+01 4.500000000000000000e+01
3.800000000000000000e+01 4.786564861806233750e+00 4.459679393341747122e+00 1.700000000000000000e+01 4.500000000000000000e+01
3.900000000000000000e+01 4.773244753265380780e+00 4.513559871588271655e+00 1.700000000000000000e+01 4.500000000000000000e+01
4.000000000000000000e+01 4.776329771296182969e+00 4.466853807528559983e+00 1.700000000000000000e+01 4.600000000000000000e+01
4.100000000000000000e+01 4.767927994283040150e+00 4.519472052114078764e+00 1.700000000000000000e+01 4.600000000000000000e+01
4.200000000000000000e+01 4.778434447987874201e+00 4.472282801192408286e+00 1.700000000000000000e+01 4.500000000000000000e+01
4.300000000000000000e+01 4.773700660705566534e+00 4.414721552937175275e+00 1.700000000000000000e+01 4.500000000000000000e+01
4.400000000000000000e+01 4.782386626180013423e+00 4.385766346233721080e+00 1.700000000000000000e+01 4.500000000000000000e+01
4.500000000000000000e+01 4.780311783218383681e+00 4.482542123276585855e+00 1.700000000000000000e+01 4.500000000000000000e+01
4.600000000000000000e+01 4.775167703247070072e+00 4.474457458947032507e+00 1.700000000000000000e+01 4.600000000000000000e+01
4.700000000000000000e+01 4.779323877080281946e+00 4.497001992246975277e+00 1.700000000000000000e+01 4.600000000000000000e+01
4.800000000000000000e+01 4.767261566289265673e+00 4.480745416098890210e+00 1.700000000000000000e+01 4.500000000000000000e+01
4.900000000000000000e+01 4.769877494812011953e+00 4.512429001232305836e+00 1.700000000000000000e+01 4.500000000000000000e+01
5.000000000000000000e+01 4.755126127624511589e+00 4.564805947934476471e+00 1.700000000000000000e+01 4.500000000000000000e+01
5.100000000000000000e+01 4.764501955668131394e+00 4.483215025819528243e+00 1.700000000000000000e+01 4.500000000000000000e+01
5.200000000000000000e+01 4.764224610392252757e+00 4.506048635172006378e+00 1.700000000000000000e+01 4.500000000000000000e+01
5.300000000000000000e+01 4.783536988449096583e+00 4.521816177490038946e+00 1.700000000000000000e+01 4.500000000000000000e+01
5.400000000000000000e+01 4.782040961837768833e+00 4.460187861713738045e+00 1.700000000000000000e+01 4.500000000000000000e+01
5.500000000000000000e+01 4.773583479690551634e+00 4.454548729113496641e+00 1.700000000000000000e+01 4.500000000000000000e+01
5.600000000000000000e+01 4.780091878382364712e+00 4.416405356349274669e+00 1.700000000000000000e+01 4.500000000000000000e+01
5.700000000000000000e+01 4.768169637680053974e+00 4.476110388295719389e+00 1.700000000000000000e+01 4.600000000000000000e+01
5.800000000000000000e+01 4.757902088801065688e+00 4.541853330386713239e+00 1.700000000000000000e+01 4.500000000000000000e+01
5.900000000000000000e+01 4.774093372472127506e+00 4.419937516172853798e+00 1.700000000000000000e+01 4.600000000000000000e+01
6.000000000000000000e+01 4.761189755503336229e+00 4.514334564391797144e+00 1.700000000000000000e+01 4.600000000000000000e+01
6.100000000000000000e+01 4.773938928222656308e+00 4.548247648123354026e+00 1.700000000000000000e+01 4.500000000000000000e+01
6.200000000000000000e+01 4.769545498911539561e+00 4.435200988294217161e+00 1.700000000000000000e+01 4.500000000000000000e+01
6.300000000000000000e+01 4.767963920338949002e+00 4.522713519513797742e+00 1.700000000000000000e+01 4.500000000000000000e+01
6.400000000000000000e+01 4.775818026860554788e+00 4.524297110950604051e+00 1.700000000000000000e+01 4.500000000000000000e+01
6.500000000000000000e+01 4.782990621058146097e+00 4.466690019296762237e+00 1.700000000000000000e+01 4.600000000000000000e+01
6.600000000000000000e+01 4.766678279113769179e+00 4.459120323863654534e+00 1.700000000000000000e+01 4.500000000000000000e+01
6.700000000000000000e+01 4.753335611852009812e+00 4.446094218915263241e+00 1.700000000000000000e+01 4.500000000000000000e+01
6.800000000000000000e+01 4.760151777776082227e+00 4.471291212989879860e+00 1.700000000000000000e+01 4.600000000000000000e+01
6.900000000000000000e+01 4.766353128433227226e+00 4.397914024206777128e+00 1.700000000000000000e+01 4.500000000000000000e+01
7.000000000000000000e+01 4.768449833679198946e+00 4.456470328017164917e+00 1.700000000000000000e+01 4.500000000000000000e+01
7.100000000000000000e+01 4.772625942357381135e+00 4.501624869081539693e+00 1.700000000000000000e+01 4.600000000000000000e+01
7.200000000000000000e+01 4.782646334584554459e+00 4.523891057450169839e+00 1.700000000000000000e+01 4.600000000000000000e+01
7.300000000000000000e+01 4.777284970601400005e+00 4.473405295667556736e+00 1.700000000000000000e+01 4.500000000000000000e+01
7.400000000000000000e+01 4.759526952997843452e+00 4.486831331405396028e+00 1.700000000000000000e+01 4.500000000000000000e+01
7.500000000000000000e+01 4.767920257822672703e+00 4.456293800768380109e+00 1.700000000000000000e+01 4.600000000000000000e+01
7.600000000000000000e+01 4.772202881240844796e+00 4.467971813945343484e+00 1.700000000000000000e+01 4.500000000000000000e+01
7.700000000000000000e+01 4.764016555531819463e+00 4.486548122125692650e+00 1.700000000000000000e+01 4.500000000000000000e+01
7.800000000000000000e+01 4.778232695134480679e+00 4.484799860384517167e+00 1.700000000000000000e+01 4.600000000000000000e+01
7.900000000000000000e+01 4.762268650945027382e+00 4.473482802272223502e+00 1.700000000000000000e+01 4.600000000000000000e+01
8.000000000000000000e+01 4.776005933888753496e+00 4.485595678749938031e+00 1.700000000000000000e+01 4.600000000000000000e+01
8.100000000000000000e+01 4.761123364257812796e+00 4.396129687373250050e+00 1.700000000000000000e+01 4.500000000000000000e+01
8.200000000000000000e+01 4.760694084421793981e+00 4.449391427512367159e+00 1.700000000000000000e+01 4.500000000000000000e+01
8.300000000000000000e+01 4.778969026056925529e+00 4.418071250184275378e+00 1.700000000000000000e+01 4.600000000000000000e+01
8.400000000000000000e+01 4.782896411387125291e+00 4.471371112920986768e+00 1.700000000000000000e+01 4.600000000000000000e+01
8.500000000000000000e+01 4.770909596888224691e+00 4.331345803440568965e+00 1.700000000000000000e+01 4.500000000000000000e+01
8.600000000000000000e+01 4.768288597106933757e+00 4.515414407078069736e+00 1.700000000000000000e+01 4.600000000000000000e+01
8.700000000000000000e+01 4.767437003072102719e+00 4.489613316691341005e+00 1.700000000000000000e+01 4.600000000000000000e+01
8.800000000000000000e+01 4.765429524358113511e+00 4.510923122064754764e+00 1.700000000000000000e+01 4.600000000000000000e+01
8.900000000000000000e+01 4.786552930704752740e+00 4.489881422573004599e+00 1.700000000000000000e+01 4.500000000000000000e+01
9.000000000000000000e+01 4.775722671000163011e+00 4.539939345643162483e+00 1.700000000000000000e+01 4.600000000000000000e+01
9.100000000000000000e+01 4.773380157216389641e+00 4.523464023114773802e+00 1.700000000000000000e+01 4.600000000000000000e+01
9.200000000000000000e+01 4.768283893203735246e+00 4.515876174353944172e+00 1.700000000000000000e+01 4.600000000000000000e+01
9.300000000000000000e+01 4.765568492635090969e+00 4.469766819438995675e+00 1.700000000000000000e+01 4.600000000000000000e+01
9.400000000000000000e+01 4.762462604777017994e+00 4.519668860938221400e+00 1.700000000000000000e+01 4.600000000000000000e+01
9.500000000000000000e+01 4.768077083841959940e+00 4.486692820113306723e+00 1.700000000000000000e+01 4.600000000000000000e+01
9.600000000000000000e+01 4.757045803070067969e+00 4.422860226311241760e+00 1.700000000000000000e+01 4.600000000000000000e+01
9.700000000000000000e+01 4.763264369074503790e+00 4.433787554597702574e+00 1.700000000000000000e+01 4.700000000000000000e+01
9.800000000000000000e+01 4.767804034805298130e+00 4.504574659914254653e+00 1.700000000000000000e+01 4.700000000000000000e+01
9.900000000000000000e+01 4.765876316324869855e+00 4.421931816747012967e+00 1.700000000000000000e+01 4.600000000000000000e+01
