0.000000000000000000e+00 8.500553449948629048e-01 8.864657549431529393e-01 7.419333333320967672e-01 7.379999999926198928e-01
1.000000000000000000e+00 8.382692352294921490e-01 8.242459250524782899e-01 7.472499999987545216e-01 7.537999999924619443e-01
2.000000000000000000e+00 8.337935720602671630e-01 8.960786162854764703e-01 7.511999999987479804e-01 7.245999999927539292e-01
3.000000000000000000e+00 8.329832375367482999e-01 8.662094576671101054e-01 7.513499999987477418e-01 7.081999999929179390e-01
4.000000000000000000e+00 8.340769593874612919e-01 8.653765448366110835e-01 7.490666666654182126e-01 7.097999999929019976e-01
5.000000000000000000e+00 8.310724110921223762e-01 8.472251718798384790e-01 7.511833333320813155e-01 7.279999999927199150e-01
6.000000000000000000e+00 8.355618955930074199e-01 8.355097778308124834e-01 7.467499999987553538e-01 7.551999999924479123e-01
7.000000000000000000e+00 8.321883431275685084e-01 8.328264839352129689e-01 7.512499999987478638e-01 7.594999999924049172e-01
8.000000000000000000e+00 8.322783093611398897e-01 8.255514719615728580e-01 7.488833333320852326e-01 7.414999999925849794e-01
9.000000000000000000e+00 8.300820409933725719e-01 8.422903989831479477e-01 7.507666666654153609e-01 7.435999999925639870e-01
1.000000000000000000e+01 8.383244979540507291e-01 9.548838995516110151e-01 7.465499999987557089e-01 6.751999999932479790e-01
1.100000000000000000e+01 8.326446841716765856e-01 8.511108554209383392e-01 7.495833333320840453e-01 7.421999999925779079e-01
1.200000000000000000e+01 8.338300961494445884e-01 8.467170466630222769e-01 7.486333333320855932e-01 7.374999999926249439e-01
1.300000000000000000e+01 8.309278227488199331e-01 8.678085899200683739e-01 7.502166666654163096e-01 7.346999999926528968e-01
1.400000000000000000e+01 8.332315431118011428e-01 8.804553810019082327e-01 7.500166666654166647e-01 7.166999999928329590e-01
1.500000000000000000e+01 8.305941002686818564e-01 8.426928327868159485e-01 7.518666666654135744e-01 7.539999999924599239e-01
1.600000000000000000e+01 8.329724491596222080e-01 8.379732902628925784e-01 7.483166666654195165e-01 7.354999999926449261e-01
1.700000000000000000e+01 8.309328086058298535e-01 8.366882957208651161e-01 7.499999999987499999e-01 7.487999999925118999e-01
1.800000000000000000e+01 8.294729058265686295e-01 8.220598627203188347e-01 7.514333333320809549e-01 7.611999999923879656e-01
1.900000000000000000e+01 8.313580394426981490e-01 8.409099497924596989e-01 7.483166666654195165e-01 7.280999999927189048e-01
2.000000000000000000e+01 8.301162024656931759e-01 8.400390110076806360e-01 7.512999999987478583e-01 7.445999999925539958e-01
2.100000000000000000e+01 8.279905793825785842e-01 8.660617274598191306e-01 7.535166666654108392e-01 7.252999999927469688e-01
2.200000000000000000e+01 8.323652382373809555e-01 8.641463021119943910e-01 7.485166666654191614e-01 7.106999999928929057e-01
2.300000000000000000e+01 8.278114843368530318e-01 8.361371281428839897e-01 7.541666666654096574e-01 7.448999999925509652e-01
2.400000000000000000e+01 8.282014714558919577e-01 8.439539947067967729e-01 7.526999999987454837e-01 7.429999999925699372e-01
2.500000000000000000e+01 8.295435639222462632e-01 8.395996006152119939e-01 7.526166666654122706e-01 7.468999999925309830e-01
2.600000000000000000e+01 8.262573259353637178e-01 8.359902372565893858e-01 7.535499999987440578e-01 7.385999999926139425e-01
2.700000000000000000e+01 8.272406464099884005e-01 8.653249518749431823e-01 7.546166666654089417e-01 7.294999999927049839e-01
2.800000000000000000e+01 8.286092322667439891e-01 8.335563104373578946e-01 7.537166666654104841e-01 7.499999999924998884e-01
2.900000000000000000e+01 8.269785594304402965e-01 8.699999285963015971e-01 7.554666666654075158e-01 7.171999999928279079e-01
3.000000000000000000e+01 8.265996816635131639e-01 8.461396837005981109e-01 7.537333333320771489e-01 7.467999999925319932e-01
3.100000000000000000e+01 8.246860060850779162e-01 8.208847108740395804e-01 7.546333333320756065e-01 7.603999999923959363e-01
3.200000000000000000e+01 8.239125726064046029e-01 8.372911092953179146e-01 7.539999999987433421e-01 7.448999999925509652e-01
3.300000000000000000e+01 8.261228580633799279e-01 8.379344334617589984e-01 7.521666666654130973e-01 7.363999999926359452e-01
3.400000000000000000e+01 8.256189848423004518e-01 8.440536244418292977e-01 7.547833333320753679e-01 7.255999999927439381e-01
3.500000000000000000e+01 8.220918620904286156e-01 8.219419207435827435e-01 7.583499999987360907e-01 7.462999999925369332e-01
3.600000000000000000e+01 8.229520643075307618e-01 8.166314437747382859e-01 7.561666666654063285e-01 7.571999999924279301e-01
3.700000000000000000e+01 8.210441168626149144e-01 8.583737287087181977e-01 7.575333333320707352e-01 7.154999999928449705e-01
3.800000000000000000e+01 8.215447936852773303e-01 8.609007593161001060e-01 7.570333333320715674e-01 7.169999999928299284e-01
3.900000000000000000e+01 8.229439642588297632e-01 8.470466294989418277e-01 7.567833333320720390e-01 7.354999999926449261e-01
4.000000000000000000e+01 8.229853549321493045e-01 8.210267808300237835e-01 7.559666666654066836e-01 7.495999999925039292e-01
4.100000000000000000e+01 8.214863119284312454e-01 8.197612838623241638e-01 7.585833333320690652e-01 7.606999999923929057e-01
4.200000000000000000e+01 8.197462246100107874e-01 8.118353578419731376e-01 7.585499999987357356e-01 7.634999999923649527e-01
4.300000000000000000e+01 8.191776643753051479e-01 8.355261060757378511e-01 7.594666666654008580e-01 7.429999999925699372e-01
4.400000000000000000e+01 8.191562979221344021e-01 8.289962124329405269e-01 7.592999999987345427e-01 7.453999999925459141e-01
4.500000000000000000e+01 8.162890129089355185e-01 8.200217954838238121e-01 7.602499999987328838e-01 7.611999999923879656e-01
4.600000000000000000e+01 8.171098563512165791e-01 8.238446763910043380e-01 7.610499999987315745e-01 7.567999999924319710e-01
4.700000000000000000e+01 8.141802141507467061e-01 8.240205742680607459e-01 7.641499999987264591e-01 7.483999999925159408e-01
4.800000000000000000e+01 8.158462197939554406e-01 8.286352992629091307e-01 7.622833333320628846e-01 7.438999999925609563e-01
4.900000000000000000e+01 8.166533402442932577e-01 8.214120802978357450e-01 7.590666666654015682e-01 7.456999999925429945e-01
5.000000000000000000e+01 8.131632099628448573e-01 8.263737120376989376e-01 7.638499999987269362e-01 7.452999999925469243e-01
5.100000000000000000e+01 8.135476471583048541e-01 8.084118847077647052e-01 7.631833333320613422e-01 7.576999999924229900e-01
5.200000000000000000e+01 8.138035433133443686e-01 8.240062020266779585e-01 7.626499999987289558e-01 7.552999999924469021e-01
5.300000000000000000e+01 8.109458306948343909e-01 8.246362215985124644e-01 7.651999999987246781e-01 7.462999999925369332e-01
5.400000000000000000e+01 8.109240558942159005e-01 8.144726114341626078e-01 7.665499999987224200e-01 7.651999999923478901e-01
5.500000000000000000e+01 8.110999987920125553e-01 8.223437539304787602e-01 7.650166666653915870e-01 7.667999999923319487e-01
5.600000000000000000e+01 8.109989411671956194e-01 8.149455422029708851e-01 7.650333333320582518e-01 7.608999999923909963e-01
5.700000000000000000e+01 8.098677965323130001e-01 8.210238852439978308e-01 7.670999999987214713e-01 7.522999999924769865e-01
5.800000000000000000e+01 8.094469976902007868e-01 8.292293215331177914e-01 7.655833333320573031e-01 7.628999999923709030e-01
5.900000000000000000e+01 8.093434829235076622e-01 8.318552761413038343e-01 7.681499999987196903e-01 7.373999999926259541e-01
6.000000000000000000e+01 8.083011287053426530e-01 8.175356501397995634e-01 7.680499999987199233e-01 7.548999999924509430e-01
6.100000000000000000e+01 8.075240126291910459e-01 8.256957782343172791e-01 7.690333333320515941e-01 7.486999999925129101e-01
6.200000000000000000e+01 8.073528996785481748e-01 8.182717676932057538e-01 7.688333333320519491e-01 7.653999999923459807e-01
6.300000000000000000e+01 8.071241890430450594e-01 8.226397969661810583e-01 7.692666666653845686e-01 7.522999999924769865e-01
6.400000000000000000e+01 8.065139794985453081e-01 8.177780041488976748e-01 7.704166666653826656e-01 7.528999999924709252e-01
6.500000000000000000e+01 8.065060012340545814e-01 8.154255633536999781e-01 7.689166666653851623e-01 7.718999999922809829e-01
6.600000000000000000e+01 8.055539953549702981e-01 8.147922101112219373e-01 7.697499999987170716e-01 7.697999999923019754e-01
6.700000000000000000e+01 8.049873876094818526e-01 8.208693137374548643e-01 7.704833333320492139e-01 7.524999999924749661e-01
6.800000000000000000e+01 8.040185481707254889e-01 8.166086418560137838e-01 7.720499999987132655e-01 7.654999999923449705e-01
6.900000000000000000e+01 8.047186461289723702e-01 8.152978084148309046e-01 7.720166666653799359e-01 7.688999999923109563e-01
7.000000000000000000e+01 8.034001613299052158e-01 8.224544984083206334e-01 7.728999999987118397e-01 7.493999999925059496e-01
7.100000000000000000e+01 8.030124697049458860e-01 8.160287833061462548e-01 7.738166666653769621e-01 7.597999999924019976e-01
7.200000000000000000e+01 8.025773656686147062e-01 8.256954737364674557e-01 7.749833333320417239e-01 7.572999999924269199e-01
7.300000000000000000e+01 8.021222209771474709e-01 8.133020827564568789e-01 7.734166666653776723e-01 7.668999999923309385e-01
7.400000000000000000e+01 8.019413696130116564e-01 8.143937049772792536e-01 7.742666666653762464e-01 7.654999999923449705e-01
7.500000000000000000e+01 8.014459058443704764e-01 8.208511739302748467e-01 7.757833333320403035e-01 7.490999999925089803e-01
7.600000000000000000e+01 8.007768000920613138e-01 8.151523577519499408e-01 7.743999999987093430e-01 7.696999999923029856e-01
7.700000000000000000e+01 8.007117739836374648e-01 8.113118157790492058e-01 7.753833333320410137e-01 7.627999999923719132e-01
7.800000000000000000e+01 8.001378288110096992e-01 8.124739538175991260e-01 7.761666666653730395e-01 7.684999999923148861e-01
7.900000000000000000e+01 7.997360140800475747e-01 8.191584984715373219e-01 7.760833333320398264e-01 7.527999999924719354e-01
8.000000000000000000e+01 7.993428763707478568e-01 8.148674544054098634e-01 7.782333333320362589e-01 7.652999999923469909e-01
8.100000000000000000e+01 7.991685868740081577e-01 8.144651540932944522e-01 7.764166666653726789e-01 7.669999999923299283e-01
8.200000000000000000e+01 7.987693262577056919e-01 8.147597260558947507e-01 7.786166666653689949e-01 7.601999999923979567e-01
8.300000000000000000e+01 7.988502623716989826e-01 8.121836284479013734e-01 7.777333333320370912e-01 7.633999999923659630e-01
8.400000000000000000e+01 7.980586198012034060e-01 8.119209027899720876e-01 7.772333333320379234e-01 7.656999999923429501e-01
8.500000000000000000e+01 7.984186906019846708e-01 8.116656691312028604e-01 7.787833333320353102e-01 7.634999999923649527e-01
8.600000000000000000e+01 7.974221044540404923e-01 8.133284785686590856e-01 7.802999999986994784e-01 7.614999999923849350e-01
8.700000000000000000e+01 7.973667778174082788e-01 8.121948373584321201e-01 7.787833333320353102e-01 7.653999999923459807e-01
8.800000000000000000e+01 7.974924969514211037e-01 8.119281699863104551e-01 7.803333333320328080e-01 7.644999999923549616e-01
8.900000000000000000e+01 7.969432695388793952e-01 8.130456097781086910e-01 7.789833333320350661e-01 7.699999999922999550e-01
9.000000000000000000e+01 7.967919456640879527e-01 8.117987377384600078e-01 7.811666666653647173e-01 7.683999999923158963e-01
9.100000000000000000e+01 7.968326871236165454e-01 8.121326431489219733e-01 7.802166666653662652e-01 7.685999999923139869e-01
9.200000000000000000e+01 7.963534751415252133e-01 8.118706265577493308e-01 7.806166666653656661e-01 7.665999999923339692e-01
9.300000000000000000e+01 7.963971752643584923e-01 8.119779074915681738e-01 7.804166666653659101e-01 7.667999999923319487e-01
9.400000000000000000e+01 7.959867794990539425e-01 8.116704102712698488e-01 7.807166666653654330e-01 7.685999999923139869e-01
9.500000000000000000e+01 7.960943821589151481e-01 8.114464940925756320e-01 7.802166666653662652e-01 7.668999999923309385e-01
9.600000000000000000e+01 7.959514478683471506e-01 8.113937133226912790e-01 7.810833333320315042e-01 7.665999999923339692e-01
9.700000000000000000e+01 7.958890795707702637e-01 8.113746425023855569e-01 7.811666666653647173e-01 7.665999999923339692e-01
9.800000000000000000e+01 7.958131274859110427e-01 8.113885004870807771e-01 7.810833333320315042e-01 7.658999999923409296e-01
9.900000000000000000e+01 7.957720699469248427e-01 8.113851727197726182e-01 7.811666666653647173e-01 7.658999999923409296e-01
